----------------Lab1----------------
Tetta 	= {1,2,3,4,0,005,0,006,0,007,8,9,0}
Sigma2 	= 1,74130895759278
Noize 	= 5%
Avg U 	= 1,0072
----------------Lab1----------------

----------------Lab2----------------
Tetta	TettaEst
1	1,01804
2	2,08006
3	2,99336
4	3,9625
0,005	0,05562
0,006	0,01107
0,007	-0,01554
8	7,97869
9	8,98837
0	-0,05321

Sigma2	SigmaEst2
1,74131	1,72621

F	FT
0,99133	1,0649
----------------Lab2----------------

----------------Lab3----------------
Min tetta	Tetta	TettaEst	MaxTetta
0,9373673	1	1,018036	1,0987048
1,9525136	2	2,0800621	2,2076106
2,8658143	3	2,9933628	3,1209113
3,8349549	4	3,9625034	4,0900519
-0,1727304	0,005	0,055618	0,2839664
-0,2172791	0,006	0,0110694	0,2394178
-0,2438915	0,007	-0,0155431	0,2128054
7,7770183	8	7,9786901	8,180362
8,7866978	9	8,9883696	9,1900415
-0,2548837	0	-0,0532118	0,14846


F_1,n-m 	= 3,84851

FSign
799,11957	Rejected
1334,43697	Rejected
2763,53005	Rejected
4842,66876	Rejected
0,29767		Not rejected
0,01179		Not rejected
0,02325		Not rejected
7853,59791	Rejected
9967,06547	Rejected
0,34932		Not rejected

FFisher 	= 1,88695
FRegress 	= 5269,33063
Significant
----------------Lab3----------------


Etta
x1:
-1	-1,23892	-0,995	-0,7739
-0,8	-0,76831	-0,5968	-0,45253
-0,6	-0,31774	-0,1982	-0,10221
-0,4	0,1106	0,2008	0,27922
-0,2	0,5242	0,6002	0,68429
0	0,93737	1	1,0987
0,2	1,35623	1,4002	1,51632
0,4	1,77465	1,8008	1,94327
0,6	2,17833	2,2018	2,39386
0,8	2,55979	2,6032	2,87557
1	2,9212	3,005	3,38623

x2:
-1	-2,19677	-1,994	-1,73175
-0,8	-1,52746	-1,39616	-1,21168
-0,6	-0,88176	-0,79784	-0,66623
-0,4	-0,26185	-0,19904	-0,09323
-0,2	0,33976	0,40024	0,49985
0	0,93737	1	1,0987
0,2	1,53711	1,60024	1,6972
0,4	2,13284	2,20096	2,30146
0,6	2,71027	2,80216	2,9258
0,8	3,26192	3,40384	3,5777
1	3,78996	4,006	4,25498

x3:
-1	-3,19252	-2,993	-2,7275
-0,8	-2,3198	-2,19552	-2,00403
-0,6	-1,47283	-1,39748	-1,2573
-0,4	-0,65376	-0,59888	-0,48514
-0,2	0,14487	0,20028	0,30496
0	0,93737	1	1,0987
0,2	1,72987	1,80028	1,88996
0,4	2,51624	2,60112	2,68486
0,6	3,28218	3,40252	3,49771
0,8	4,0202	4,20448	4,33598
1	4,73248	5,007	5,19751


Y
x1:
-1	-3,18563	-0,22203	2,71876
-0,8	-4,33496	-1,37408	1,55956
-0,6	-2,05536	0,90142	3,83464
-0,4	-3,74766	-0,79754	2,14081
-0,2	-4,22763	-1,28756	1,6606
0	-3,02644	-0,10035	2,86182
0,2	-0,33204	2,576	5,55619
0,4	-1,62878	1,25729	4,25969
0,6	-2,20865	0,65206	3,68135
0,8	1,03931	3,87209	6,93383
1	1,13482	3,9383	7,03922

x2:
-1	-3,80764	-0,88518	2,09676
-0,8	-2,10214	0,81853	3,79238
-0,6	-2,26989	0,65127	3,62011
-0,4	-2,85542	0,06732	3,03305
-0,2	-0,87935	2,0452	5,00889
0	-3,02644	-0,10035	2,86182
0,2	-1,83283	1,09438	4,0554
0,4	-0,32125	2,6068	5,56722
0,6	1,4083	4,33742	7,2983
0,8	0,8599	3,79118	6,75441
1	1,40187	4,3376	7,30627

x3:
-1	-7,17269	-4,25348	-1,26829
-0,8	-5,39108	-2,47743	0,50344
-0,6	-4,64404	-1,73146	1,24596
-0,4	-2,44955	0,46526	3,43892
-0,2	-1,08631	1,83317	4,80192
0	-3,02644	-0,10035	2,86182
0,2	-0,13013	2,80436	5,75811
0,4	1,13385	4,07866	7,02232
0,6	1,67539	4,63297	7,56539
0,8	1,37081	4,34446	7,26533
1	3,75296	6,74716	9,65736

----------------Lab1----------------
Tetta 	= {1,2,3,4,0,005,0,006,0,007,8,9,0}
Sigma2 	= 17,4130895759278
Noize 	= 50%
Avg U 	= 1,0072
----------------Lab1----------------

----------------Lab2----------------
Tetta	TettaEst
1	1,05703
2	2,25318
3	2,97901
4	3,88143
0,005	0,16507
0,006	0,02203
0,007	-0,06429
8	7,93261
9	8,96322
0	-0,16827

Sigma2	SigmaEst2
17,41309	17,26206

F	FT
0,99133	1,0649
----------------Lab2----------------

----------------Lab3----------------
Min tetta	Tetta	TettaEst	MaxTetta
0,8019379	1	1,0570349	1,3121318
1,8498348	2	2,2531785	2,6565222
2,5756677	3	2,9790114	3,3823551
3,4780816	4	3,8814253	4,284769
-0,5570328	0,005	0,1650682	0,8871693
-0,7000704	0,006	0,0220307	0,7441318
-0,7863884	0,007	-0,0642874	0,6578137
7,2948699	8	7,9326123	8,5703547
8,3254791	9	8,9632215	9,6009639
-0,806013	0	-0,1682706	0,4694718


F_1,n-m 	= 3,84851

FSign
86,15175	Rejected
156,58014	Rejected
273,70945	Rejected
464,65213	Rejected
0,2622		Not rejected
0,00467		Not rejected
0,03977		Not rejected
776,3149	Rejected
991,13708	Rejected
0,34932		Not rejected

FFisher 	= 1,88695
FRegress 	= 8567,40759
Significant
----------------Lab3----------------


Etta
x1:
-1	-1,76634	-0,995	-0,29581
-0,8	-1,13915	-0,5968	-0,14058
-0,6	-0,57623	-0,1982	0,10534
-0,4	-0,08444	0,2008	0,44879
-0,2	0,35987	0,6002	0,86613
0	0,80194	1	1,31213
0,2	1,26115	1,4002	1,7674
0,4	1,71811	1,8008	2,25133
0,6	2,12758	2,2018	2,80915
0,8	2,46594	2,6032	3,46451
1	2,74001	3,005	4,21055

x2:
-1	-2,63521	-1,994	-1,16468
-0,8	-1,81136	-1,39616	-0,81279
-0,6	-1,06322	-0,79784	-0,38166
-0,4	-0,39766	-0,19904	0,13557
-0,2	0,20899	0,40024	0,71524
0	0,80194	1	1,31213
0,2	1,40059	1,60024	1,90685
0,4	1,98555	2,20096	2,51878
0,6	2,51159	2,80216	3,19316
0,8	2,95506	3,40384	3,95363
1	3,32281	4,006	4,79334

x3:
-1	-3,62395	-2,993	-2,15341
-0,8	-2,58853	-2,19552	-1,58996
-0,6	-1,63575	-1,39748	-0,95418
-0,4	-0,77243	-0,59888	-0,23921
-0,2	0,02505	0,20028	0,53131
0	0,80194	1	1,31213
0,2	1,57762	1,80028	2,08388
0,4	2,33271	2,60112	2,86593
0,6	3,02196	3,40252	3,70353
0,8	3,62175	4,20448	4,62032
1	4,13891	5,007	5,60944


Y
x1:
-1	-7,92239	1,44936	10,74895
-0,8	-12,41789	-3,05477	6,22222
-0,6	-6,07106	3,2791	12,55476
-0,4	-12,28534	-2,95623	6,33563
-0,2	-14,66673	-5,36942	3,95349
0	-11,73273	-2,4796	6,8876
0,2	-4,07763	5,11841	14,54259
0,4	-9,04449	0,08208	9,57648
0,6	-11,74525	-2,69891	6,88056
0,8	-2,34225	6,61579	16,29786
1	-2,90903	5,95636	15,76231

x2:
-1	-7,72923	1,51238	10,94211
-0,8	-3,62865	5,60731	15,01145
-0,6	-5,45287	3,78464	13,17295
-0,4	-8,59924	0,64325	10,02173
-0,2	-3,64616	5,60207	14,97406
0	-11,73273	-2,4796	6,8876
0,2	-9,25608	0,00056	9,36415
0,4	-5,77495	3,48433	12,84602
0,6	-1,6056	7,65709	17,02021
0,8	-4,64082	4,62873	13,99929
1	-4,22897	5,05463	14,44237

x3:
-1	-16,21033	-6,97898	2,46101
-0,8	-12,30077	-3,08699	6,33934
-0,6	-11,66402	-2,45363	6,9618
-0,4	-6,45121	2,76622	12,16976
-0,2	-3,86827	5,36394	14,75195
0	-11,73273	-2,4796	6,8876
0,2	-4,3042	4,97545	14,31603
0,4	-2,03878	7,2735	16,58219
0,6	-2,05914	7,29354	16,56668
0,8	-4,75638	4,64713	13,88373
1	1,04138	10,50988	19,71272

